epoch	loss	val_loss
epoch	loss	acc	val_loss	val_acc
0	1.109046	1.108611
0	1.109046	0.333333	1.108611	0.333333
1	1.112298	1.107282
1	1.112298	0.306667	1.107282	0.333333
2	1.107386	1.105603
2	1.107386	0.373333	1.105603	0.333333
3	1.104028	1.103659
3	1.104028	0.333333	1.103659	0.333333
4	1.098042	1.101625
4	1.098042	0.306667	1.101625	0.333333
5	1.098700	1.099799
5	1.098700	0.306667	1.099799	0.333333
6	1.097477	1.098031
6	1.097477	0.373333	1.098031	0.333333
7	1.101606	1.096166
7	1.101606	0.333333	1.096166	0.333333
8	1.096384	1.094433
8	1.096384	0.320000	1.094433	0.333333
9	1.095932	1.093100
9	1.095932	0.320000	1.093100	0.333333
10	1.097692	1.091940
10	1.097692	0.346667	1.091940	0.333333
11	1.096373	1.090840
11	1.096373	0.346667	1.090840	0.333333
12	1.088431	1.089787
12	1.088431	0.360000	1.089787	0.333333
13	1.092382	1.088762
13	1.092382	0.373333	1.088762	0.333333
14	1.092927	1.087815
14	1.092927	0.346667	1.087815	0.333333
15	1.091374	1.086963
15	1.091374	0.440000	1.086963	0.333333
16	1.087433	1.086123
16	1.087433	0.413333	1.086123	0.266667
17	1.091564	1.085293
17	1.091564	0.400000	1.085293	0.333333
18	1.090834	1.084474
18	1.090834	0.386667	1.084474	0.333333
19	1.086652	1.083701
19	1.086652	0.440000	1.083701	0.333333
20	1.090887	1.082950
20	1.090887	0.373333	1.082950	0.333333
21	1.089575	1.082213
21	1.089575	0.453333	1.082213	0.400000
22	1.084971	1.081486
22	1.084971	0.506667	1.081486	0.466667
23	1.089889	1.080721
23	1.089889	0.493333	1.080721	0.466667
24	1.081945	1.079909
24	1.081945	0.560000	1.079909	0.466667
25	1.083315	1.079146
25	1.083315	0.560000	1.079146	0.533333
26	1.081870	1.078408
26	1.081870	0.546667	1.078408	0.533333
27	1.082218	1.077699
27	1.082218	0.573333	1.077699	0.600000
28	1.086128	1.077049
28	1.086128	0.586667	1.077049	0.600000
29	1.083011	1.076460
29	1.083011	0.560000	1.076460	0.600000
30	1.077489	1.075866
30	1.077489	0.640000	1.075866	0.600000
31	1.078090	1.075212
31	1.078090	0.653333	1.075212	0.600000
32	1.080887	1.074549
32	1.080887	0.613333	1.074549	0.600000
33	1.079812	1.073801
33	1.079812	0.586667	1.073801	0.600000
34	1.083897	1.073072
34	1.083897	0.600000	1.073072	0.600000
35	1.081764	1.072413
35	1.081764	0.573333	1.072413	0.666667
36	1.076362	1.071722
36	1.076362	0.640000	1.071722	0.666667
37	1.079788	1.071007
37	1.079788	0.626667	1.071007	0.600000
38	1.075748	1.070259
38	1.075748	0.560000	1.070259	0.600000
39	1.079179	1.069505
39	1.079179	0.600000	1.069505	0.600000
40	1.078371	1.068776
40	1.078371	0.480000	1.068776	0.600000
41	1.079044	1.068105
41	1.079044	0.560000	1.068105	0.600000
42	1.077593	1.067408
42	1.077593	0.586667	1.067408	0.600000
43	1.075269	1.066676
43	1.075269	0.613333	1.066676	0.600000
44	1.080252	1.065999
44	1.080252	0.533333	1.065999	0.600000
45	1.074064	1.065369
45	1.074064	0.613333	1.065369	0.600000
46	1.069835	1.064713
46	1.069835	0.626667	1.064713	0.600000
47	1.072223	1.064105
47	1.072223	0.520000	1.064105	0.600000
48	1.074342	1.063501
48	1.074342	0.586667	1.063501	0.600000
49	1.076305	1.062924
49	1.076305	0.573333	1.062924	0.600000
50	1.070932	1.062314
50	1.070932	0.613333	1.062314	0.600000
51	1.071064	1.061692
51	1.071064	0.600000	1.061692	0.600000
52	1.065263	1.061071
52	1.065263	0.640000	1.061071	0.600000
53	1.070270	1.060454
53	1.070270	0.586667	1.060454	0.600000
54	1.065605	1.059824
54	1.065605	0.586667	1.059824	0.600000
55	1.067377	1.059179
55	1.067377	0.613333	1.059179	0.600000
56	1.065794	1.058519
56	1.065794	0.573333	1.058519	0.600000
57	1.069339	1.057914
57	1.069339	0.520000	1.057914	0.600000
58	1.070420	1.057342
58	1.070420	0.586667	1.057342	0.600000
59	1.063742	1.056719
59	1.063742	0.586667	1.056719	0.600000
60	1.058490	1.056073
60	1.058490	0.613333	1.056073	0.600000
61	1.064507	1.055410
61	1.064507	0.626667	1.055410	0.600000
62	1.061397	1.054764
62	1.061397	0.613333	1.054764	0.600000
63	1.065938	1.054184
63	1.065938	0.613333	1.054184	0.600000
64	1.062817	1.053621
64	1.062817	0.586667	1.053621	0.600000
65	1.061885	1.052955
65	1.061885	0.653333	1.052955	0.666667
66	1.058763	1.052225
66	1.058763	0.680000	1.052225	0.666667
67	1.062799	1.051491
67	1.062799	0.626667	1.051491	0.666667
68	1.069595	1.050830
68	1.069595	0.586667	1.050830	0.666667
69	1.066206	1.050158
69	1.066206	0.586667	1.050158	0.666667
70	1.053258	1.049464
70	1.053258	0.746667	1.049464	0.666667
71	1.054708	1.048775
71	1.054708	0.680000	1.048775	0.666667
72	1.056435	1.048071
72	1.056435	0.626667	1.048071	0.666667
73	1.060370	1.047395
73	1.060370	0.626667	1.047395	0.666667
74	1.054568	1.046688
74	1.054568	0.613333	1.046688	0.733333
75	1.056916	1.045946
75	1.056916	0.666667	1.045946	0.733333
76	1.061853	1.045175
76	1.061853	0.613333	1.045175	0.733333
77	1.055790	1.044436
77	1.055790	0.680000	1.044436	0.733333
78	1.054541	1.043719
78	1.054541	0.640000	1.043719	0.733333
79	1.052706	1.042883
79	1.052706	0.706667	1.042883	0.733333
80	1.049130	1.042031
80	1.049130	0.746667	1.042031	0.733333
81	1.047937	1.041155
81	1.047937	0.693333	1.041155	0.733333
82	1.053847	1.040308
82	1.053847	0.693333	1.040308	0.733333
83	1.060280	1.039472
83	1.060280	0.573333	1.039472	0.733333
84	1.049554	1.038657
84	1.049554	0.720000	1.038657	0.733333
85	1.050944	1.037837
85	1.050944	0.666667	1.037837	0.733333
86	1.051762	1.037039
86	1.051762	0.720000	1.037039	0.733333
87	1.051348	1.036336
87	1.051348	0.640000	1.036336	0.733333
88	1.051563	1.035718
88	1.051563	0.640000	1.035718	0.733333
89	1.044170	1.035028
89	1.044170	0.746667	1.035028	0.733333
90	1.044559	1.034330
90	1.044559	0.720000	1.034330	0.733333
91	1.050552	1.033641
91	1.050552	0.626667	1.033641	0.800000
92	1.047947	1.032948
92	1.047947	0.693333	1.032948	0.800000
93	1.038825	1.032203
93	1.038825	0.746667	1.032203	0.800000
94	1.044405	1.031389
94	1.044405	0.720000	1.031389	0.800000
95	1.047225	1.030612
95	1.047225	0.666667	1.030612	0.800000
96	1.043324	1.029828
96	1.043324	0.706667	1.029828	0.800000
97	1.041005	1.029133
97	1.041005	0.693333	1.029133	0.800000
98	1.036418	1.028413
98	1.036418	0.720000	1.028413	0.800000
99	1.037914	1.027695
99	1.037914	0.720000	1.027695	0.800000
